USPS	GEOID	ANSICODE	NAME	ALAND	AWATER	ALAND_SQMI	AWATER_SQMI	INTPTLAT	INTPTLONG                                                                                                               
NC	37001	01008531	Alamance County	1096735775	27940817	423.452	10.788	36.043954	-79.400573                                                                                                               
NC	37003	01008532	Alexander County	673358184	9445988	259.985	3.647	35.920951	-81.177467                                                                                                                 
NC	37005	01008533	Alleghany County	608220280	3687222	234.835	1.424	36.489356	-81.132299                                                                                                                 
NC	37007	01008534	Anson County	1376478143	14603213	531.461	5.638	34.974972	-80.109763                                                                                                                   
NC	37009	01008535	Ashe County	1104018852	8062960	426.264	3.113	36.443469	-81.499334                                                                                                                     
NC	37011	01008536	Avery County	640602137	445285	247.338	0.172	36.07209	-81.920285                                                                                                                       
NC	37013	01026333	Beaufort County	2156776424	336988229	832.736	130.112	35.482313	-76.842014                                                                                                             
NC	37015	01026334	Bertie County	1810858588	109120751	699.176	42.132	36.059043	-76.962364                                                                                                                
NC	37017	01026336	Bladen County	2266321541	33022256	875.032	12.75	34.591938	-78.539489                                                                                                                  
NC	37019	01026340	Brunswick County	2201703879	516599618	850.083	199.46	34.038754	-78.227765                                                                                                             
NC	37021	01008538	Buncombe County	1700318978	8942802	656.497	3.453	35.609371	-82.530423                                                                                                                 
NC	37023	01008539	Burke County	1311146879	20719897	506.237	8.	35.746182	-81.70618                                                                                                                       
NC	37025	01008540	Cabarrus County	935587407	6985702	361.232	2.697	35.388346	-80.552728                                                                                                                  
NC	37027	01008541	Caldwell County	1222184251	7052759	471.888	2.723	35.966396	-81.51254                                                                                                                  
NC	37029	01026335	Camden County	622452109	181109482	240.33	69.927	36.342344	-76.162488                                                                                                                  
NC	37031	01026337	Carteret County	1314689449	2131061128	507.604	822.807	34.858343	-76.53586                                                                                                             
NC	37033	01008542	Caswell County	1101694783	8641803	425.367	3.337	36.394298	-79.339609                                                                                                                  
NC	37035	01008543	Catawba County	1039553245	37942736	401.374	14.65	35.661883	-81.214906                                                                                                                 
NC	37037	01008544	Chatham County	1765540358	70582736	681.679	27.252	35.704994	-79.251454                                                                                                                
NC	37039	01008545	Cherokee County	1179845613	28813485	455.541	11.125	35.13715	-84.061449                                                                                                                
NC	37041	01025822	Chowan County	447179939	157966156	172.657	60.991	36.128979	-76.602752                                                                                                                 
NC	37043	01008546	Clay County	556804503	15017755	214.983	5.798	35.052997	-83.752264                                                                                                                     
NC	37045	01008547	Cleveland County	1202400603	10177696	464.249	3.93	35.33463	-81.557114                                                                                                                 
NC	37047	01026339	Columbus County	2429722353	43711694	938.121	16.877	34.261602	-78.639308                                                                                                               
NC	37049	01026123	Craven County	1830014545	172777667	706.573	66.71	35.116829	-77.08132                                                                                                                  
NC	37051	01026124	Cumberland County	1690112815	15336702	652.556	5.922	35.050192	-78.828719                                                                                                              
NC	37053	01026125	Currituck County	678341928	685097880	261.909	264.518	36.372174	-75.941224                                                                                                             
NC	37055	01026133	Dare County	992558307	3000513520	383.229	1158.505	35.606269	-75.767536                                                                                                                
NC	37057	01008548	Davidson County	1432724907	37608507	553.178	14.521	35.795131	-80.207107                                                                                                               
NC	37059	01008549	Davie County	682977540	7511429	263.699	2.9	35.929355	-80.542552                                                                                                                       
NC	37061	01026132	Duplin County	2110115795	14237879	814.72	5.497	34.934403	-77.933543                                                                                                                   
NC	37063	01008550	Durham County	742095312	29365150	286.525	11.338	36.033828	-78.878125                                                                                                                  
NC	37065	01008551	Edgecombe County	1309074148	3705924	505.436	1.431	35.917077	-77.602742                                                                                                                
NC	37067	01008552	Forsyth County	1056328480	11658537	407.851	4.501	36.132466	-80.256961                                                                                                                 
NC	37069	01008553	Franklin County	1273761673	7173998	491.802	2.77	36.088241	-78.28309                                                                                                                   
NC	37071	01008554	Gaston County	921392674	20546046	355.752	7.933	35.293344	-81.177256                                                                                                                   
NC	37073	01026126	Gates County	882181709	13292008	340.612	5.132	36.442135	-76.702355                                                                                                                    
NC	37075	01008555	Graham County	756189029	25057776	291.966	9.675	35.348364	-83.830915                                                                                                                   
NC	37077	01008556	Granville County	1377850210	14503653	531.991	5.6	36.299884	-78.657634                                                                                                                 
NC	37079	01008557	Greene County	690838977	1229492	266.734	0.475	35.481959	-77.681688                                                                                                                    
NC	37081	01008558	Guilford County	1672930669	30338415	645.922	11.714	36.079065	-79.788665                                                                                                               
NC	37083	01008559	Halifax County	1874472930	16919664	723.738	6.533	36.251438	-77.644842                                                                                                                 
NC	37085	01008560	Harnett County	1540870386	16294103	594.933	6.291	35.368635	-78.87161                                                                                                                  
NC	37087	01008561	Haywood County	1433713844	2438478	553.56	0.942	35.558882	-82.981307                                                                                                                   
NC	37089	01008562	Henderson County	965934305	5531390	372.949	2.136	35.336415	-82.479741                                                                                                                 
NC	37091	01026127	Hertford County	914689325	18737418	353.164	7.235	36.363517	-76.981616                                                                                                                 
NC	37093	01008563	Hoke County	1010491623	3949309	390.153	1.525	35.017233	-79.241964                                                                                                                     
NC	37095	01008564	Hyde County	1585966933	2192929400	612.345	846.695	35.408157	-76.153687                                                                                                                
NC	37097	01008565	Iredell County	1487711608	59528166	574.409	22.984	35.806251	-80.874524                                                                                                                
NC	37099	01008566	Jackson County	1271961081	9754332	491.107	3.766	35.285454	-83.123966                                                                                                                  
NC	37101	01026327	Johnston County	2051313884	9394347	792.017	3.627	35.513419	-78.367348                                                                                                                 
NC	37103	01026338	Jones County	1220836958	6031825	471.368	2.329	35.032268	-77.356195                                                                                                                    
NC	37105	01008567	Lee County	660607451	10725289	255.062	4.141	35.476336	-79.172117                                                                                                                      
NC	37107	01008568	Lenoir County	1033630013	5900299	399.087	2.278	35.240066	-77.635514                                                                                                                   
NC	37109	01008569	Lincoln County	766239897	23350160	295.847	9.016	35.488491	-81.226893                                                                                                                  
NC	37111	01025836	McDowell County	1139476689	13977729	439.954	5.397	35.682271	-82.048044                                                                                                                
NC	37113	01025833	Macon County	1335344502	10604264	515.579	4.094	35.152959	-83.421901                                                                                                                   
NC	37115	01025834	Madison County	1164498325	4840167	449.615	1.869	35.864206	-82.712631                                                                                                                  
NC	37117	01026328	Martin County	1182102539	746610	456.412	0.288	35.847301	-77.119602                                                                                                                    
NC	37119	01008570	Mecklenburg County	1356130079	58209535	523.605	22.475	35.246862	-80.833832                                                                                                            
NC	37121	01008571	Mitchell County	573036225	1632150	221.251	0.63	36.013102	-82.163554                                                                                                                   
NC	37123	01008572	Montgomery County	1273075626	25886753	491.537	9.995	35.327548	-79.910752                                                                                                              
NC	37125	01008573	Moore County	1806983006	20712954	697.68	7.997	35.308272	-79.492725                                                                                                                    
NC	37127	01008574	Nash County	1399742831	6174819	540.444	2.384	35.965945	-77.987555                                                                                                                     
NC	37129	01026329	New Hanover County	497937486	353803887	192.255	136.604	34.183445	-77.864204                                                                                                           
NC	37131	01008575	Northampton County	1390032558	35891384	536.695	13.858	36.421774	-77.398352                                                                                                            
NC	37133	01026341	Onslow County	1973765096	370675285	762.075	143.119	34.763109	-77.499469                                                                                                               
NC	37135	01008576	Orange County	1029673918	8806896	397.559	3.4	36.062526	-79.120034                                                                                                                     
NC	37137	01023355	Pamlico County	871570771	583036551	336.515	225.112	35.147575	-76.665268                                                                                                               
NC	37139	01026330	Pasquotank County	587622471	161739148	226.882	62.448	36.265199	-76.260691                                                                                                             
NC	37141	01026129	Pender County	2256645359	162833419	871.296	62.87	34.512556	-77.888106                                                                                                                 
NC	37143	01025841	Perquimans County	640173980	211755191	247.173	81.759	36.180897	-76.403244                                                                                                             
NC	37145	01008577	Person County	1016154887	31205409	392.34	12.048	36.38635	-78.965623                                                                                                                   
NC	37147	01008578	Pitt County	1689621009	8246941	652.366	3.184	35.59249	-77.372739                                                                                                                      
NC	37149	01008579	Polk County	615606322	1964035	237.687	0.758	35.277901	-82.167621                                                                                                                      
NC	37151	01008580	Randolph County	2026242785	19753287	782.337	7.627	35.709915	-79.806215                                                                                                                
NC	37153	01008581	Richmond County	1226849523	15575098	473.689	6.014	35.004636	-79.755695                                                                                                                
NC	37155	01026130	Robeson County	2453481924	5076395	947.295	1.96	34.63921	-79.100881                                                                                                                    
NC	37157	01008582	Rockingham County	1465005024	18436435	565.642	7.118	36.381806	-79.782754                                                                                                              
NC	37159	01008583	Rowan County	1325058763	31968195	511.608	12.343	35.641355	-80.521721                                                                                                                  
NC	37161	01008584	Rutherford County	1464476090	4692959	565.437	1.812	35.402747	-81.919582                                                                                                               
NC	37163	01026131	Sampson County	2449946536	4923828	945.93	1.901	34.989298	-78.371261                                                                                                                   
NC	37165	01008585	Scotland County	826569986	3842049	319.14	1.483	34.840023	-79.477337                                                                                                                   
NC	37167	01025844	Stanly County	1023250040	25187035	395.079	9.725	35.310449	-80.254374                                                                                                                  
NC	37169	01008586	Stokes County	1163797562	17578802	449.345	6.787	36.393797	-80.269921                                                                                                                  
NC	37171	01008587	Surry County	1379543658	10390865	532.645	4.012	36.415416	-80.686463                                                                                                                   
NC	37173	01008588	Swain County	1366810476	32416167	527.728	12.516	35.568849	-83.465614                                                                                                                  
NC	37175	01008589	Transylvania County	979943597	5091023	378.358	1.966	35.210103	-82.816666                                                                                                              
NC	37177	01026332	Tyrrell County	1012106669	534571696	390.777	206.399	35.87042	-76.165345                                                                                                               
NC	37179	01008590	Union County	1638778990	17891392	632.736	6.908	34.99182	-80.530426                                                                                                                    
NC	37181	01008591	Vance County	653701481	42190675	252.396	16.29	36.365481	-78.405434                                                                                                                    
NC	37183	01008592	Wake County	2161570492	58082284	834.587	22.426	35.789846	-78.650624                                                                                                                   
NC	37185	01008593	Warren County	1112117461	38615564	429.391	14.91	36.398105	-78.099899                                                                                                                  
NC	37187	01026331	Washington County	897456201	195282199	346.51	75.399	35.844713	-76.572291                                                                                                              
NC	37189	01008594	Watauga County	809210954	2275614	312.438	0.879	36.235368	-81.709888                                                                                                                   
NC	37191	01026128	Wayne County	1434651139	9842326	553.922	3.8	35.35419	-78.00867                                                                                                                        
NC	37193	01008595	Wilkes County	1952020337	6854041	753.679	2.646	36.208883	-81.166095                                                                                                                   
NC	37195	01008596	Wilson County	952013027	14332439	367.574	5.534	35.700357	-77.921598                                                                                                                   
NC	37197	01008597	Yadkin County	867496112	7176192	334.942	2.771	36.158765	-80.665164                                                                                                                    
NC	37199	01008598	Yancey County	809610024	1524558	312.592	0.589	35.889326	-82.303954                                                                                                                    
